3	冰箱温度	1	74
5	展厅烟雾	3	74
9	机房烟雾	3	81
12	机房湿度	2	81
13	机房温度	1	81
1	展厅温度	1	73
2	展厅湿度	2	73
3	冰箱温度	1	73
5	展厅烟雾	3	73
9	机房烟雾	3	73
12	机房湿度	2	73
13	机房温度	1	73
14	7楼湿度	2	27
15	7楼温度	1	27
17	A相电压	6	81
18	B相电压	6	81
19	C相电压	6	81
20	A相电流	6	81
21	B相电流	6	81
22	C相电流	6	81
35	室内温度	1	4
36	室内湿度	2	4
38	室外风向	9	2
39	室外风速	10	2
40	室外温度	1	2
41	室外湿度	2	2
44	PM2.5	13	2
45	能见度	14	2
38	室外风向	9	9
39	室外风速	10	9
40	室外温度	1	9
41	室外湿度	2	9
44	PM2.5	13	9
45	能见度	14	9
76	机房备份温度	2	81
77	机房备份湿度	1	81
78	机房备份烟雾	3	81
93	7楼机房红外传感器	16	81
200	光照传感器	2	81
239	一楼PM2.5	13	74
243	南京气温	1	14
244	南京湿度	2	14
245	南京aqi	22	14
246	南京pm2.5	13	14
247	南京pm10	23	14
248	南京co	24	14
249	南京no2	25	14
250	南京so2	26	14
251	南京o3	27	14
243	南京气温	1	9
244	南京湿度	2	9
245	南京aqi	22	9
246	南京pm2.5	13	9
247	南京pm10	23	9
248	南京co	24	9
249	南京no2	25	9
250	南京so2	26	9
251	南京o3	27	9
252	展厅A相电压	6	74
253	展厅B相电压	6	74
254	展厅C相电压	6	74
255	展厅A相电流	6	74
256	展厅B相电流	6	74
257	展厅C相电流	6	74
284	室外光照	15	2
285	室内光照	15	74
286	鱼缸温度	1	74
287	鱼缸红外	16	74
317	滴灌环境湿度	2	74
318	滴灌土壤湿度	2	74
319	气象温度	1	7
320	气象湿度	2	7
321	气象土壤温度	1	7
322	气象土壤湿度	2	7
323	气象风速	10	7
324	气象风向	9	7
325	气象pm2.5	13	7
326	环境温度_1	1	72
327	环境湿度_1	2	72
328	pm2.5_1	13	72
330	光照_1	15	72
331	红外_1	16	72
332	烟雾_1	3	72
333	环境温度_2	1	46
334	环境湿度_2	2	46
335	pm2.5_2	13	46
337	光照_2	15	46
338	红外_2	16	46
339	烟雾_2	3	46
340	环境温度_3	1	79
341	环境湿度_3	2	79
342	pm2.5_3	13	79
344	光照_3	15	79
345	红外_3	16	79
346	烟雾_3	3	79
347	环境温度_4	1	40
348	环境湿度_4	2	40
349	pm2.5_4	13	40
351	光照_4	15	40
352	红外_4	16	40
353	烟雾_4	3	40
354	环境温度_5	1	75
355	环境湿度_5	2	75
356	pm2.5_5	13	75
358	光照_5	15	75
359	红外_5	16	75
360	烟雾_5	3	75
361	环境温度_6	1	50
362	环境湿度_6	2	50
363	pm2.5_6	13	50
365	光照_6	15	50
366	红外_6	16	50
367	烟雾_6	3	50
368	环境温度_7	1	51
369	环境湿度_7	2	51
370	pm2.5_7	13	51
372	光照_7	15	51
373	红外_7	16	51
374	烟雾_7	3	51
375	环境温度_8	1	80
376	环境湿度_8	2	80
377	pm2.5_8	13	80
379	光照_8	15	80
380	红外_8	16	80
381	烟雾_8	3	80
382	环境温度_9	1	74
383	环境湿度_9	2	74
384	pm2.5_9	13	74
386	光照_9	15	74
387	红外_9	16	74
388	烟雾_9	3	74